QGC WPL 120
1	1	3	22	0.0	0.0	0.0	nan	10.445997	-75.391791	5.0	1
2	0	3	16	0.0	0.0	0.0	0.0	10.44383153435933	-75.39175802665555	5.0	1
3	0	3	16	0.0	0.0	0.0	0.0	10.44383154724243	-75.39174752571739	5.0	1
4	0	3	16	0.0	0.0	0.0	0.0	10.44383312923055	-75.39045591021953	5.0	1
5	0	3	16	0.0	0.0	0.0	0.0	10.443838966146325	-75.39045591750408	5.0	1
6	0	3	16	0.0	0.0	0.0	0.0	10.443837371274192	-75.3917580339644	5.0	1
7	0	3	16	0.0	0.0	0.0	0.0	10.443843208189055	-75.39175804127323	5.0	1
8	0	3	16	0.0	0.0	0.0	0.0	10.443844803062097	-75.39045592478865	5.0	1
9	0	3	16	0.0	0.0	0.0	0.0	10.443850639977864	-75.39045593207321	5.0	1
10	0	3	16	0.0	0.0	0.0	0.0	10.443849045103914	-75.3917580485821	5.0	1
11	0	3	16	0.0	0.0	0.0	0.0	10.443854882018774	-75.39175805589097	5.0	1
12	0	3	16	0.0	0.0	0.0	0.0	10.443856476893636	-75.39045593935778	5.0	1
13	0	3	16	0.0	0.0	0.0	0.0	10.443862313809403	-75.39045594664235	5.0	1
14	0	3	16	0.0	0.0	0.0	0.0	10.443860718933628	-75.39175806319983	5.0	1
15	0	3	16	0.0	0.0	0.0	0.0	10.443866555848482	-75.3917580705087	5.0	1
16	0	3	16	0.0	0.0	0.0	0.0	10.443868150725168	-75.39045595392693	5.0	1
17	0	3	16	0.0	0.0	0.0	0.0	10.443873987640925	-75.39045596121152	5.0	1
18	0	3	16	0.0	0.0	0.0	0.0	10.44387239276333	-75.39175807781757	5.0	1
19	0	3	16	0.0	0.0	0.0	0.0	10.44387822967818	-75.39175808512645	5.0	1
20	0	3	16	0.0	0.0	0.0	0.0	10.443879824556685	-75.3904559684961	5.0	1
21	0	3	16	0.0	0.0	0.0	0.0	10.443885661472443	-75.39045597578068	5.0	1
22	0	3	16	0.0	0.0	0.0	0.0	10.443884066593025	-75.39175809243532	5.0	1
23	0	3	16	0.0	0.0	0.0	0.0	10.443884079476193	-75.3917475914954	5.0	1
24	0	3	16	0.0	0.0	0.0	0.0	10.443889916391049	-75.39174759880409	5.0	1
25	0	3	16	0.0	0.0	0.0	0.0	10.443891524068569	-75.39043498118164	5.0	1
26	0	3	16	0.0	0.0	0.0	0.0	10.4438914983882	-75.39045598306528	5.0	1
27	0	3	16	0.0	0.0	0.0	0.0	10.443897335303953	-75.39045599034988	5.0	1
28	0	3	16	0.0	0.0	0.0	0.0	10.443895753305897	-75.39174760611279	5.0	1
29	0	3	16	0.0	0.0	0.0	0.0	10.443901590220747	-75.39174761342149	5.0	1
30	0	3	16	0.0	0.0	0.0	0.0	10.443903172219704	-75.39045599763449	5.0	1
31	0	3	16	0.0	0.0	0.0	0.0	10.443909009135451	-75.39045600491909	5.0	1
32	0	3	16	0.0	0.0	0.0	0.0	10.44390742713559	-75.39174762073019	5.0	1
33	0	3	16	0.0	0.0	0.0	0.0	10.443913264050433	-75.3917476280389	5.0	1
34	0	3	16	0.0	0.0	0.0	0.0	10.443914858891583	-75.3904455112611	5.0	1
35	0	3	16	0.0	0.0	0.0	0.0	10.443920695807336	-75.39044551854552	5.0	1
36	0	3	16	0.0	0.0	0.0	0.0	10.443919100965275	-75.39174763534761	5.0	1
37	0	3	16	0.0	0.0	0.0	0.0	10.443924937880116	-75.39174764265631	5.0	1
38	0	3	16	0.0	0.0	0.0	0.0	10.443926545563142	-75.39043502488694	5.0	1
39	0	3	16	0.0	0.0	0.0	0.0	10.443932382478897	-75.39043503217118	5.0	1
40	0	3	16	0.0	0.0	0.0	0.0	10.44393077479495	-75.39174764996504	5.0	1
41	0	3	16	0.0	0.0	0.0	0.0	10.44393661170979	-75.39174765727377	5.0	1
42	0	3	16	0.0	0.0	0.0	0.0	10.443938219394651	-75.39043503945541	5.0	1
43	0	3	16	0.0	0.0	0.0	0.0	10.443944056310398	-75.39043504673965	5.0	1
44	0	3	16	0.0	0.0	0.0	0.0	10.443942448624618	-75.3917476645825	5.0	1
45	0	3	16	0.0	0.0	0.0	0.0	10.44394828553945	-75.39174767189122	5.0	1
46	0	3	16	0.0	0.0	0.0	0.0	10.44394989322615	-75.39043505402391	5.0	1
47	0	3	16	0.0	0.0	0.0	0.0	10.443955730141896	-75.39043506130815	5.0	1
48	0	3	16	0.0	0.0	0.0	0.0	10.44395412245428	-75.39174767919997	5.0	1
49	0	3	16	0.0	0.0	0.0	0.0	10.443959959369105	-75.39174768650871	5.0	1
50	0	3	16	0.0	0.0	0.0	0.0	10.44396156705764	-75.39043506859241	5.0	1
51	0	3	16	0.0	0.0	0.0	0.0	10.44396740397338	-75.39043507587667	5.0	1
52	0	3	16	0.0	0.0	0.0	0.0	10.44396579628393	-75.39174769381746	5.0	1
53	0	3	16	0.0	0.0	0.0	0.0	10.443965809166853	-75.39173719287479	5.0	1
54	0	3	16	0.0	0.0	0.0	0.0	10.443971646081684	-75.39173720018333	5.0	1
55	0	3	16	0.0	0.0	0.0	0.0	10.443973240889122	-75.39043508316092	5.0	1
56	0	3	16	0.0	0.0	0.0	0.0	10.443979077804862	-75.3904350904452	5.0	1
57	0	3	16	0.0	0.0	0.0	0.0	10.443977817831744	-75.39146418296724	5.0	1
58	0	3	16	0.0	0.0	0.0	0.0	10.443977907939807	-75.39139067636287	5.0	1
59	0	3	16	0.0	0.0	0.0	0.0	10.443983744854872	-75.39139068366497	5.0	1
60	0	3	16	0.0	0.0	0.0	0.0	10.443984889039994	-75.39045609961937	5.0	1
61	0	3	16	0.0	0.0	0.0	0.0	10.443990725955713	-75.39045610690404	5.0	1
62	0	3	16	0.0	0.0	0.0	0.0	10.443989594641153	-75.39138019002314	5.0	1
63	0	3	16	0.0	0.0	0.0	0.0	10.443995431556223	-75.39138019732505	5.0	1
64	0	3	16	0.0	0.0	0.0	0.0	10.443996562871432	-75.39045611418871	5.0	1
65	0	3	16	0.0	0.0	0.0	0.0	10.444002399787147	-75.39045612147339	5.0	1
66	0	3	16	0.0	0.0	0.0	0.0	10.444001294212717	-75.39135920273829	5.0	1
67	0	3	16	0.0	0.0	0.0	0.0	10.444007131127794	-75.39135921003982	5.0	1
68	0	3	16	0.0	0.0	0.0	0.0	10.444008236702857	-75.39045612875806	5.0	1
69	0	3	16	0.0	0.0	0.0	0.0	10.44401407361857	-75.39045613604274	5.0	1
70	0	3	16	0.0	0.0	0.0	0.0	10.444012968042877	-75.39135921734135	5.0	1
71	0	3	16	0.0	0.0	0.0	0.0	10.444012980913083	-75.3913487163966	5.0	1
72	0	3	16	0.0	0.0	0.0	0.0	10.444018817828168	-75.39134872369793	5.0	1
73	0	3	16	0.0	0.0	0.0	0.0	10.444019910534278	-75.39045614332744	5.0	1
74	0	3	16	0.0	0.0	0.0	0.0	10.444025747449984	-75.39045615061212	5.0	1
75	0	3	16	0.0	0.0	0.0	0.0	10.44402465474325	-75.39134873099928	5.0	1
76	0	3	16	0.0	0.0	0.0	0.0	10.44403049165833	-75.39134873830062	5.0	1
77	0	3	16	0.0	0.0	0.0	0.0	10.444031584365685	-75.39045615789684	5.0	1
78	0	3	16	0.0	0.0	0.0	0.0	10.444037421281394	-75.39045616518153	5.0	1
79	0	3	16	0.0	0.0	0.0	0.0	10.44403632857341	-75.39134874560199	5.0	1
80	0	3	16	0.0	0.0	0.0	0.0	10.444042165488485	-75.39134875290334	5.0	1
81	0	3	16	0.0	0.0	0.0	0.0	10.444043258197091	-75.39045617246624	5.0	1
82	0	3	16	0.0	0.0	0.0	0.0	10.444049095112788	-75.39045617975094	5.0	1
83	0	3	16	0.0	0.0	0.0	0.0	10.444048002403559	-75.3913487602047	5.0	1
84	0	3	16	0.0	0.0	0.0	0.0	10.444053839318629	-75.39134876750607	5.0	1
85	0	3	16	0.0	0.0	0.0	0.0	10.444054932028484	-75.39045618703567	5.0	1
86	0	3	16	0.0	0.0	0.0	0.0	10.444060768944178	-75.39045619432038	5.0	1
87	0	3	16	0.0	0.0	0.0	0.0	10.4440596762337	-75.39134877480744	5.0	1
88	0	3	16	0.0	0.0	0.0	0.0	10.444065513148766	-75.39134878210882	5.0	1
89	0	3	16	0.0	0.0	0.0	0.0	10.444066605859867	-75.3904562016051	5.0	1
90	0	3	16	0.0	0.0	0.0	0.0	10.444072442775559	-75.39045620888983	5.0	1
91	0	3	16	0.0	0.0	0.0	0.0	10.444071350063833	-75.39134878941019	5.0	1
92	0	3	16	0.0	0.0	0.0	0.0	10.444077186978895	-75.39134879671157	5.0	1
93	0	3	16	0.0	0.0	0.0	0.0	10.444078279691244	-75.39045621617457	5.0	1
94	0	3	16	0.0	0.0	0.0	0.0	10.444084116606929	-75.3904562234593	5.0	1
95	0	3	16	0.0	0.0	0.0	0.0	10.444083023893956	-75.39134880401296	5.0	1
96	0	3	16	0.0	0.0	0.0	0.0	10.444088860809016	-75.39134881131436	5.0	1
97	0	3	16	0.0	0.0	0.0	0.0	10.444089953522612	-75.39045623074404	5.0	1
98	0	3	16	0.0	0.0	0.0	0.0	10.444095790438293	-75.39045623802878	5.0	1
99	0	3	16	0.0	0.0	0.0	0.0	10.444094697724072	-75.39134881861575	5.0	1
100	0	3	16	0.0	0.0	0.0	0.0	10.444100534639125	-75.39134882591716	5.0	1
101	0	3	16	0.0	0.0	0.0	0.0	10.444101614513004	-75.39046674626239	5.0	1
102	0	3	16	0.0	0.0	0.0	0.0	10.444107451428675	-75.39046675354733	5.0	1
103	0	3	16	0.0	0.0	0.0	0.0	10.44410637155418	-75.39134883321857	5.0	1
104	0	3	16	0.0	0.0	0.0	0.0	10.444112208469228	-75.39134884051997	5.0	1
105	0	3	16	0.0	0.0	0.0	0.0	10.444113275503014	-75.39047726178151	5.0	1
106	0	3	16	0.0	0.0	0.0	0.0	10.444113211291208	-75.39052976652745	5.0	1
107	0	3	16	0.0	0.0	0.0	0.0	10.44411904820683	-75.3905297738136	5.0	1
108	0	3	16	0.0	0.0	0.0	0.0	10.444118045384277	-75.39134884782138	5.0	1
109	0	3	16	0.0	0.0	0.0	0.0	10.444123882299321	-75.3913488551228	5.0	1
110	0	3	16	0.0	0.0	0.0	0.0	10.444124859435277	-75.39055078299879	5.0	1
111	0	3	16	0.0	0.0	0.0	0.0	10.444130696350882	-75.39055079028533	5.0	1
112	0	3	16	0.0	0.0	0.0	0.0	10.444129719214368	-75.39134886242422	5.0	1
113	0	3	16	0.0	0.0	0.0	0.0	10.44413555612941	-75.39134886972565	5.0	1
114	0	3	16	0.0	0.0	0.0	0.0	10.444136507577904	-75.39057179947166	5.0	1
115	0	3	16	0.0	0.0	0.0	0.0	10.444136494733094	-75.39058230042154	5.0	1
116	0	3	16	0.0	0.0	0.0	0.0	10.444142331648669	-75.39058230770866	5.0	1
117	0	3	16	0.0	0.0	0.0	0.0	10.444141393044449	-75.39134887702708	5.0	1
118	0	3	16	0.0	0.0	0.0	0.0	10.444147229959485	-75.39134888432851	5.0	1
119	0	3	16	0.0	0.0	0.0	0.0	10.444148168564242	-75.3905823149958	5.0	1
120	0	3	16	0.0	0.0	0.0	0.0	10.444154005479815	-75.39058232228294	5.0	1
121	0	3	16	0.0	0.0	0.0	0.0	10.444153066874524	-75.39134889162996	5.0	1
122	0	3	16	0.0	0.0	0.0	0.0	10.444158903789557	-75.3913488989314	5.0	1
123	0	3	16	0.0	0.0	0.0	0.0	10.444159842395386	-75.39058232957007	5.0	1
124	0	3	16	0.0	0.0	0.0	0.0	10.44416567931095	-75.39058233685724	5.0	1
125	0	3	16	0.0	0.0	0.0	0.0	10.444164740704586	-75.39134890623285	5.0	1
126	0	3	16	0.0	0.0	0.0	0.0	10.444164766444349	-75.39132790433311	5.0	1
127	0	3	16	0.0	0.0	0.0	0.0	10.444170603359392	-75.39132791163418	5.0	1
128	0	3	16	0.0	0.0	0.0	0.0	10.444171516226517	-75.39058234414438	5.0	1
129	0	3	16	0.0	0.0	0.0	0.0	10.444177353142077	-75.39058235143153	5.0	1
130	0	3	16	0.0	0.0	0.0	0.0	10.444176440274433	-75.39132791893525	5.0	1
131	0	3	16	0.0	0.0	0.0	0.0	10.444182277189473	-75.39132792623631	5.0	1
132	0	3	16	0.0	0.0	0.0	0.0	10.44418319005764	-75.3905823587187	5.0	1
133	0	3	16	0.0	0.0	0.0	0.0	10.444189026973195	-75.39058236600586	5.0	1
134	0	3	16	0.0	0.0	0.0	0.0	10.444188114104508	-75.39132793353738	5.0	1
135	0	3	16	0.0	0.0	0.0	0.0	10.444193951019544	-75.39132794083847	5.0	1
136	0	3	16	0.0	0.0	0.0	0.0	10.444194863888754	-75.39058237329303	5.0	1
137	0	3	16	0.0	0.0	0.0	0.0	10.444200700804307	-75.3905823805802	5.0	1
138	0	3	16	0.0	0.0	0.0	0.0	10.44419978793458	-75.39132794813955	5.0	1
139	0	3	16	0.0	0.0	0.0	0.0	10.44420562484961	-75.39132795544063	5.0	1
140	0	3	16	0.0	0.0	0.0	0.0	10.444205611979852	-75.39133845639188	5.0	1
141	0	3	16	0.0	0.0	0.0	0.0	10.444211448894869	-75.39133846369316	5.0	1
142	0	3	16	0.0	0.0	0.0	0.0	10.444211436024757	-75.39134896464459	5.0	1
143	0	3	16	0.0	0.0	0.0	0.0	10.44421727293977	-75.39134897194607	5.0	1
144	0	3	16	0.0	0.0	0.0	0.0	10.444218211550957	-75.39058240244175	5.0	1
145	0	3	16	0.0	0.0	0.0	0.0	10.444224048466504	-75.39058240972894	5.0	1
146	0	3	16	0.0	0.0	0.0	0.0	10.44422310985478	-75.39134897924757	5.0	1
147	0	3	16	0.0	0.0	0.0	0.0	10.444228946769789	-75.39134898654906	5.0	1
148	0	3	16	0.0	0.0	0.0	0.0	10.44422893389931	-75.39135948750106	5.0	1
149	0	3	16	0.0	0.0	0.0	0.0	10.444234770814308	-75.39135949480276	5.0	1
150	0	3	16	0.0	0.0	0.0	0.0	10.444234757943477	-75.39136999575494	5.0	1
151	0	3	16	0.0	0.0	0.0	0.0	10.444240594858465	-75.39137000305684	5.0	1
152	0	3	16	0.0	0.0	0.0	0.0	10.44424058198728	-75.3913805040092	5.0	1
153	0	3	16	0.0	0.0	0.0	0.0	10.444246418902258	-75.39138051131131	5.0	1
154	0	3	16	0.0	0.0	0.0	0.0	10.444246406030722	-75.39139101226385	5.0	1
155	0	3	16	0.0	0.0	0.0	0.0	10.444252242945693	-75.39139101956614	5.0	1
156	0	3	16	0.0	0.0	0.0	0.0	10.444252230073802	-75.39140152051888	5.0	1
157	0	3	16	0.0	0.0	0.0	0.0	10.444258066988763	-75.39140152782137	5.0	1
158	0	3	16	0.0	0.0	0.0	0.0	10.444257989750126	-75.39146453353864	5.0	1
159	0	3	16	0.0	0.0	0.0	0.0	10.444263826665042	-75.3914645408423	5.0	1
160	0	3	16	0.0	0.0	0.0	0.0	10.444263646393111	-75.39161155418344	5.0	1
161	0	3	16	0.0	0.0	0.0	0.0	10.44426948330792	-75.39161156148985	5.0	1
162	0	3	16	0.0	0.0	0.0	0.0	10.44427075663577	-75.39057196707223	5.0	1
163	0	3	16	0.0	0.0	0.0	0.0	10.444276593551301	-75.39057197435926	5.0	1
164	0	3	16	0.0	0.0	0.0	0.0	10.444275320222724	-75.39161156879629	5.0	1
165	0	3	16	0.0	0.0	0.0	0.0	10.44428115713753	-75.39161157610272	5.0	1
166	0	3	16	0.0	0.0	0.0	0.0	10.444281144258351	-75.39162207705614	5.0	1
167	0	3	16	0.0	0.0	0.0	0.0	10.444286981173148	-75.39162208436277	5.0	1
168	0	3	16	0.0	0.0	0.0	0.0	10.444288267382365	-75.39057198893335	5.0	1
169	0	3	16	0.0	0.0	0.0	0.0	10.444294104297892	-75.39057199622039	5.0	1
170	0	3	16	0.0	0.0	0.0	0.0	10.444292818087941	-75.3916220916694	5.0	1
171	0	3	16	0.0	0.0	0.0	0.0	10.444292843845982	-75.39160108976176	5.0	1
172	0	3	16	0.0	0.0	0.0	0.0	10.444298680760788	-75.39160109706802	5.0	1
173	0	3	16	0.0	0.0	0.0	0.0	10.444299941213417	-75.39057200350743	5.0	1
174	0	3	16	0.0	0.0	0.0	0.0	10.444305778128939	-75.39057201079449	5.0	1
175	0	3	16	0.0	0.0	0.0	0.0	10.44430451767559	-75.39160110437426	5.0	1
176	0	3	16	0.0	0.0	0.0	0.0	10.44431035459039	-75.39160111168053	5.0	1
177	0	3	16	0.0	0.0	0.0	0.0	10.44431161504446	-75.39057201808154	5.0	1
178	0	3	16	0.0	0.0	0.0	0.0	10.44431745195998	-75.39057202536861	5.0	1
179	0	3	16	0.0	0.0	0.0	0.0	10.444316191505191	-75.39160111898678	5.0	1
180	0	3	16	0.0	0.0	0.0	0.0	10.444322028419988	-75.39160112629305	5.0	1
181	0	3	16	0.0	0.0	0.0	0.0	10.444323288875495	-75.39057203265567	5.0	1
182	0	3	16	0.0	0.0	0.0	0.0	10.444329125791015	-75.39057203994274	5.0	1
183	0	3	16	0.0	0.0	0.0	0.0	10.444327865334785	-75.39160113359932	5.0	1
184	0	3	16	0.0	0.0	0.0	0.0	10.444333702249578	-75.3916011409056	5.0	1
185	0	3	16	0.0	0.0	0.0	0.0	10.444334962706526	-75.39057204722982	5.0	1
186	0	3	16	0.0	0.0	0.0	0.0	10.444340799622037	-75.39057205451691	5.0	1
187	0	3	16	0.0	0.0	0.0	0.0	10.444339539164368	-75.39160114821188	5.0	1
188	0	3	16	0.0	0.0	0.0	0.0	10.444345376079154	-75.39160115551817	5.0	1
189	0	3	16	0.0	0.0	0.0	0.0	10.444346636537542	-75.390572061804	5.0	1
190	0	3	16	0.0	0.0	0.0	0.0	10.44435247345305	-75.39057206909108	5.0	1
191	0	3	16	0.0	0.0	0.0	0.0	10.444351212993944	-75.39160116282446	5.0	1
192	0	3	16	0.0	0.0	0.0	0.0	10.444357049908728	-75.39160117013074	5.0	1
193	0	3	16	0.0	0.0	0.0	0.0	10.444358310368555	-75.39057207637818	5.0	1
194	0	3	16	0.0	0.0	0.0	0.0	10.444364147284055	-75.39057208366528	5.0	1
195	0	3	16	0.0	0.0	0.0	0.0	10.444362886823509	-75.39160117743704	5.0	1
196	0	3	16	0.0	0.0	0.0	0.0	10.444368723738288	-75.39160118474335	5.0	1
197	0	3	16	0.0	0.0	0.0	0.0	10.444369984199554	-75.39057209095236	5.0	1
198	0	3	16	0.0	0.0	0.0	0.0	10.444375821115052	-75.39057209823947	5.0	1
199	0	3	16	0.0	0.0	0.0	0.0	10.444374560653069	-75.39160119204965	5.0	1
200	0	3	16	0.0	0.0	0.0	0.0	10.444380397567842	-75.39160119935596	5.0	1
201	0	3	16	0.0	0.0	0.0	0.0	10.444381658030547	-75.39057210552659	5.0	1
202	0	3	16	0.0	0.0	0.0	0.0	10.44438749494604	-75.3905721128137	5.0	1
203	0	3	16	0.0	0.0	0.0	0.0	10.444386234482614	-75.39160120666227	5.0	1
204	0	3	16	0.0	0.0	0.0	0.0	10.444392071397386	-75.39160121396858	5.0	1
205	0	3	16	0.0	0.0	0.0	0.0	10.444393331861532	-75.39057212010083	5.0	1
206	0	3	16	0.0	0.0	0.0	0.0	10.444399168777021	-75.39057212738794	5.0	1
207	0	3	16	0.0	0.0	0.0	0.0	10.444397908312157	-75.39160122127491	5.0	1
208	0	3	16	0.0	0.0	0.0	0.0	10.444397921190792	-75.39159072031754	5.0	1
209	0	3	16	0.0	0.0	0.0	0.0	10.444403758105565	-75.39159072762367	5.0	1
210	0	3	16	0.0	0.0	0.0	0.0	10.444404992847362	-75.39058263563396	5.0	1
211	0	3	16	0.0	0.0	0.0	0.0	10.44441082976284	-75.39058264292129	5.0	1
212	0	3	16	0.0	0.0	0.0	0.0	10.444409595020339	-75.3915907349298	5.0	1
213	0	3	16	0.0	0.0	0.0	0.0	10.444415431935107	-75.39159074223595	5.0	1
214	0	3	16	0.0	0.0	0.0	0.0	10.444415419056451	-75.3916012431939	5.0	1
215	0	3	16	0.0	0.0	0.0	0.0	10.444421255971212	-75.39160125050024	5.0	1
216	0	3	16	0.0	0.0	0.0	0.0	10.444422503593788	-75.39058265749595	5.0	1
217	0	3	16	0.0	0.0	0.0	0.0	10.444428340509258	-75.3905826647833	5.0	1
218	0	3	16	0.0	0.0	0.0	0.0	10.444427092885972	-75.39160125780658	5.0	1
219	0	3	16	0.0	0.0	0.0	0.0	10.444432929800728	-75.39160126511294	5.0	1
220	0	3	16	0.0	0.0	0.0	0.0	10.444434177424728	-75.39058267207064	5.0	1
221	0	3	16	0.0	0.0	0.0	0.0	10.444440014340195	-75.39058267935799	5.0	1
222	0	3	16	0.0	0.0	0.0	0.0	10.444438766715484	-75.3916012724193	5.0	1
223	0	3	16	0.0	0.0	0.0	0.0	10.444438779594169	-75.39159077146056	5.0	1
224	0	3	16	0.0	0.0	0.0	0.0	10.44444461650893	-75.39159077876671	5.0	1
225	0	3	16	0.0	0.0	0.0	0.0	10.444444629387277	-75.39158027780776	5.0	1
226	0	3	16	0.0	0.0	0.0	0.0	10.44444461650893	-75.39159077876671	5.0	1
227	0	3	16	0.0	0.0	0.0	0.0	10.444450453423686	-75.39159078607288	5.0	1
228	0	3	16	0.0	0.0	0.0	0.0	10.444427105764643	-75.39159075684825	5.0	1
229	0	3	16	0.0	0.0	0.0	0.0	10.44442711864297	-75.39158025588988	5.0	1
230	0	3	16	0.0	0.0	0.0	0.0	10.444421281728197	-75.39158024858394	5.0	1
231	0	3	16	0.0	0.0	0.0	0.0	10.44441544481342	-75.39158024127798	5.0	1
232	0	3	16	0.0	0.0	0.0	0.0	10.444416666678315	-75.39058265020861	5.0	1
233	0	3	16	0.0	0.0	0.0	0.0	10.444440014340195	-75.39058267935799	5.0	1
234	0	3	16	0.0	0.0	0.0	0.0	10.444445851255661	-75.39058268664535	5.0	1
235	0	3	16	0.0	0.0	0.0	0.0	10.444444771026317	-75.39146476725841	5.0	1
236	0	3	16	0.0	0.0	0.0	0.0	10.444450607941162	-75.39146477456224	5.0	1
237	0	3	16	0.0	0.0	0.0	0.0	10.444451688171121	-75.3905826939327	5.0	1
238	0	3	16	0.0	0.0	0.0	0.0	10.444457525086582	-75.39058270122007	5.0	1
239	0	3	16	0.0	0.0	0.0	0.0	10.444456534968287	-75.39139127514923	5.0	1
240	0	3	16	0.0	0.0	0.0	0.0	10.444456560711545	-75.39137027323002	5.0	1
241	0	3	16	0.0	0.0	0.0	0.0	10.444462397626454	-75.39137028053207	5.0	1
242	0	3	16	0.0	0.0	0.0	0.0	10.44446337484726	-75.39057220754658	5.0	1
243	0	3	16	0.0	0.0	0.0	0.0	10.444469211762724	-75.39057221483377	5.0	1
244	0	3	16	0.0	0.0	0.0	0.0	10.444468247412487	-75.39135978687412	5.0	1
245	0	3	16	0.0	0.0	0.0	0.0	10.444468260283267	-75.39134928591409	5.0	1
246	0	3	16	0.0	0.0	0.0	0.0	10.444474097198182	-75.39134929321577	5.0	1
247	0	3	16	0.0	0.0	0.0	0.0	10.444475048678182	-75.39057222212094	5.0	1
248	0	3	16	0.0	0.0	0.0	0.0	10.444480885593643	-75.39057222940812	5.0	1
249	0	3	16	0.0	0.0	0.0	0.0	10.444479972723412	-75.39131779763609	5.0	1
250	0	3	16	0.0	0.0	0.0	0.0	10.444485809638351	-75.39131780493719	5.0	1
251	0	3	16	0.0	0.0	0.0	0.0	10.444486722509103	-75.3905722366953	5.0	1
252	0	3	16	0.0	0.0	0.0	0.0	10.444492559424557	-75.3905722439825	5.0	1
253	0	3	16	0.0	0.0	0.0	0.0	10.444491659422711	-75.39130731127742	5.0	1
254	0	3	16	0.0	0.0	0.0	0.0	10.444491813828918	-75.3911812997459	5.0	1
255	0	3	16	0.0	0.0	0.0	0.0	10.444497650743944	-75.39118130704446	5.0	1
256	0	3	16	0.0	0.0	0.0	0.0	10.44449770220166	-75.3911393031994	5.0	1
257	0	3	16	0.0	0.0	0.0	0.0	10.444497676473492	-75.39116030512196	5.0	1
258	0	3	16	0.0	0.0	0.0	0.0	10.444503513388533	-75.39116031242013	5.0	1
259	0	3	16	0.0	0.0	0.0	0.0	10.444497676473492	-75.39116030512196	5.0	1
260	0	3	16	0.0	0.0	0.0	0.0	10.44449770220166	-75.3911393031994	5.0	1
261	0	3	16	0.0	0.0	0.0	0.0	10.444491865286603	-75.39113929590162	5.0	1
262	0	3	16	0.0	0.0	0.0	0.0	10.44449194246277	-75.39107629013479	5.0	1
263	0	3	16	0.0	0.0	0.0	0.0	10.444497779377873	-75.3910762974314	5.0	1
264	0	3	16	0.0	0.0	0.0	0.0	10.444497817961313	-75.39104479454721	5.0	1
265	0	3	16	0.0	0.0	0.0	0.0	10.444491981046191	-75.3910447872512	5.0	1
266	0	3	16	0.0	0.0	0.0	0.0	10.44449209677781	-75.39095027859966	5.0	1
267	0	3	16	0.0	0.0	0.0	0.0	10.444497933692997	-75.39095028589391	5.0	1
268	0	3	16	0.0	0.0	0.0	0.0	10.444497972264008	-75.39091878300924	5.0	1
269	0	3	16	0.0	0.0	0.0	0.0	10.44449795940735	-75.39092928397082	5.0	1
270	0	3	16	0.0	0.0	0.0	0.0	10.44450379632255	-75.39092929126468	5.0	1
271	0	3	16	0.0	0.0	0.0	0.0	10.44449795940735	-75.39092928397082	5.0	1
272	0	3	16	0.0	0.0	0.0	0.0	10.444497972264008	-75.39091878300924	5.0	1
273	0	3	16	0.0	0.0	0.0	0.0	10.444492135348797	-75.39091877571558	5.0	1
274	0	3	16	0.0	0.0	0.0	0.0	10.444492173916679	-75.39088727283136	5.0	1
275	0	3	16	0.0	0.0	0.0	0.0	10.444498010831913	-75.39088728012445	5.0	1
276	0	3	16	0.0	0.0	0.0	0.0	10.444492173916679	-75.39088727283136	5.0	1
277	0	3	16	0.0	0.0	0.0	0.0	10.444492238189575	-75.39083476802408	5.0	1
278	0	3	16	0.0	0.0	0.0	0.0	10.444498075104844	-75.39083477531616	5.0	1
279	0	3	16	0.0	0.0	0.0	0.0	10.444498152220968	-75.3907717695458	5.0	1
280	0	3	16	0.0	0.0	0.0	0.0	10.44449811366446	-75.39080327243104	5.0	1
281	0	3	16	0.0	0.0	0.0	0.0	10.444503950579747	-75.39080327972256	5.0	1
282	0	3	16	0.0	0.0	0.0	0.0	10.444503924873668	-75.39082428164637	5.0	1
283	0	3	16	0.0	0.0	0.0	0.0	10.444503950579747	-75.39080327972256	5.0	1
284	0	3	16	0.0	0.0	0.0	0.0	10.44449811366446	-75.39080327243104	5.0	1
285	0	3	16	0.0	0.0	0.0	0.0	10.444498152220968	-75.3907717695458	5.0	1
286	0	3	16	0.0	0.0	0.0	0.0	10.444492315305656	-75.39077176225487	5.0	1
287	0	3	16	0.0	0.0	0.0	0.0	10.444492418107755	-75.39068775456184	5.0	1
288	0	3	16	0.0	0.0	0.0	0.0	10.444498255023127	-75.3906877618512	5.0	1
289	0	3	16	0.0	0.0	0.0	0.0	10.444498383494745	-75.39058275223172	5.0	1
290	0	3	16	0.0	0.0	0.0	0.0	10.44449837064914	-75.39059325319373	5.0	1
291	0	3	16	0.0	0.0	0.0	0.0	10.444504207564574	-75.39059326048132	5.0	1
292	0	3	16	0.0	0.0	0.0	0.0	10.444504143331319	-75.39064576529213	5.0	1
293	0	3	16	0.0	0.0	0.0	0.0	10.44450415617866	-75.39063526433	5.0	1
294	0	3	16	0.0	0.0	0.0	0.0	10.444498319263253	-75.39063525704162	5.0	1
295	0	3	16	0.0	0.0	0.0	0.0	10.444498332110243	-75.39062475607967	5.0	1
296	0	3	16	0.0	0.0	0.0	0.0	10.444492495194828	-75.3906247487915	5.0	1
297	0	3	16	0.0	0.0	0.0	0.0	10.444492508041463	-75.39061424782973	5.0	1
298	0	3	16	0.0	0.0	0.0	0.0	10.44448083421061	-75.39061423325379	5.0	1
299	0	3	16	0.0	0.0	0.0	0.0	10.444480847056886	-75.39060373229238	5.0	1
300	0	3	16	0.0	0.0	0.0	0.0	10.444475010141447	-75.39060372500461	5.0	1
301	0	3	16	0.0	0.0	0.0	0.0	10.44447502298737	-75.3905932240434	5.0	1
302	0	3	16	0.0	0.0	0.0	0.0	10.444469186071927	-75.39059321675583	5.0	1
303	0	3	16	0.0	0.0	0.0	0.0	10.4444691989175	-75.3905827157948	5.0	1
304	0	3	16	0.0	0.0	0.0	0.0	10.444463362002042	-75.39058270850742	5.0	1
305	0	3	16	0.0	0.0	0.0	0.0	10.44446337484726	-75.39057220754658	5.0	1
306	0	3	16	0.0	0.0	0.0	0.0	10.444457537931791	-75.39057220025941	5.0	1
307	0	3	16	0.0	0.0	0.0	0.0	10.444457525086582	-75.39058270122007	5.0	1
308	0	3	16	0.0	0.0	0.0	0.0	10.444288254537366	-75.39058248988832	5.0	1
309	0	3	16	0.0	0.0	0.0	0.0	10.444288267382365	-75.39057198893335	5.0	1
310	0	3	16	0.0	0.0	0.0	0.0	10.444282430466833	-75.39057198164629	5.0	1
311	0	3	16	0.0	0.0	0.0	0.0	10.444281170016362	-75.39160107514928	5.0	1
312	0	3	16	0.0	0.0	0.0	0.0	10.444263659271922	-75.39160105323059	5.0	1
313	0	3	16	0.0	0.0	0.0	0.0	10.444263672150388	-75.39159055227773	5.0	1
314	0	3	16	0.0	0.0	0.0	0.0	10.444257835235561	-75.3915905449717	5.0	1
315	0	3	16	0.0	0.0	0.0	0.0	10.444263672150388	-75.39159055227773	5.0	1
316	0	3	16	0.0	0.0	0.0	0.0	10.444263736537538	-75.39153804751321	5.0	1
317	0	3	16	0.0	0.0	0.0	0.0	10.444257899622674	-75.39153804020816	5.0	1
318	0	3	16	0.0	0.0	0.0	0.0	10.444263736537538	-75.39153804751321	5.0	1
319	0	3	16	0.0	0.0	0.0	0.0	10.444263826665042	-75.3914645408423	5.0	1
320	0	3	16	0.0	0.0	0.0	0.0	10.444264919720235	-75.39057195978519	5.0	1
321	0	3	16	0.0	0.0	0.0	0.0	10.444264906875265	-75.39058246073938	5.0	1
322	0	3	16	0.0	0.0	0.0	0.0	10.444259069959733	-75.39058245345217	5.0	1
323	0	3	16	0.0	0.0	0.0	0.0	10.44425807986066	-75.39139102686845	5.0	1
324	0	3	16	0.0	0.0	0.0	0.0	10.444252242945693	-75.39139101956614	5.0	1
325	0	3	16	0.0	0.0	0.0	0.0	10.444253233044202	-75.39058244616494	5.0	1
326	0	3	16	0.0	0.0	0.0	0.0	10.444247396128665	-75.39058243887773	5.0	1
327	0	3	16	0.0	0.0	0.0	0.0	10.44424643177345	-75.39137001035874	5.0	1
328	0	3	16	0.0	0.0	0.0	0.0	10.444240594858465	-75.39137000305684	5.0	1
329	0	3	16	0.0	0.0	0.0	0.0	10.44424155921313	-75.39058243159053	5.0	1
330	0	3	16	0.0	0.0	0.0	0.0	10.444235722297588	-75.39058242430333	5.0	1
331	0	3	16	0.0	0.0	0.0	0.0	10.444234783684795	-75.39134899385056	5.0	1
332	0	3	16	0.0	0.0	0.0	0.0	10.444228946769789	-75.39134898654906	5.0	1
333	0	3	16	0.0	0.0	0.0	0.0	10.444229885382047	-75.39058241701613	5.0	1
334	0	3	16	0.0	0.0	0.0	0.0	10.444218211550957	-75.39058240244175	5.0	1
335	0	3	16	0.0	0.0	0.0	0.0	10.44421237463541	-75.39058239515455	5.0	1
336	0	3	16	0.0	0.0	0.0	0.0	10.444211461764636	-75.39132796274173	5.0	1
337	0	3	16	0.0	0.0	0.0	0.0	10.44420562484961	-75.39132795544063	5.0	1
338	0	3	16	0.0	0.0	0.0	0.0	10.444206537719863	-75.39058238786737	5.0	1
339	0	3	16	0.0	0.0	0.0	0.0	10.444002245674268	-75.39058213281874	5.0	1
340	0	3	16	0.0	0.0	0.0	0.0	10.444002258518907	-75.39057163187336	5.0	1
341	0	3	16	0.0	0.0	0.0	0.0	10.44399642160327	-75.39057162458653	5.0	1
342	0	3	16	0.0	0.0	0.0	0.0	10.443996434447557	-75.39056112364133	5.0	1
343	0	3	16	0.0	0.0	0.0	0.0	10.443990597531913	-75.39056111635472	5.0	1
344	0	3	16	0.0	0.0	0.0	0.0	10.443990623219436	-75.39054011446468	5.0	1
345	0	3	16	0.0	0.0	0.0	0.0	10.443978949388114	-75.39054009989222	5.0	1
346	0	3	16	0.0	0.0	0.0	0.0	10.443978962231343	-75.39052959894758	5.0	1
347	0	3	16	0.0	0.0	0.0	0.0	10.443973125315669	-75.39052959166155	5.0	1
348	0	3	16	0.0	0.0	0.0	0.0	10.443973151001076	-75.39050858977261	5.0	1
349	0	3	16	0.0	0.0	0.0	0.0	10.443967314085388	-75.39050858248697	5.0	1
350	0	3	16	0.0	0.0	0.0	0.0	10.443967326927565	-75.39049808154269	5.0	1
351	0	3	16	0.0	0.0	0.0	0.0	10.443961490011867	-75.39049807425727	5.0	1
352	0	3	16	0.0	0.0	0.0	0.0	10.443961502853693	-75.39048757331315	5.0	1
353	0	3	16	0.0	0.0	0.0	0.0	10.443949829022277	-75.39048755874269	5.0	1
354	0	3	16	0.0	0.0	0.0	0.0	10.443949841863741	-75.39047705779896	5.0	1
355	0	3	16	0.0	0.0	0.0	0.0	10.443944004948019	-75.39047705051394	5.0	1
356	0	3	16	0.0	0.0	0.0	0.0	10.443944017789134	-75.39046654957039	5.0	1
357	0	3	16	0.0	0.0	0.0	0.0	10.443938180873408	-75.39046654228555	5.0	1
358	0	3	16	0.0	0.0	0.0	0.0	10.44393820655458	-75.3904455403988	5.0	1
359	0	3	16	0.0	0.0	0.0	0.0	10.443926532723086	-75.39044552582995	5.0	1
360	0	3	16	0.0	0.0	0.0	0.0	10.443926545563142	-75.39043502488694	5.0	1
361	0	3	16	0.0	0.0	0.0	0.0	10.443920708647385	-75.39043501760271	5.0	1
362	0	3	16	0.0	0.0	0.0	0.0	10.443920695807336	-75.39044551854552	5.0	1
363	0	3	16	0.0	0.0	0.0	0.0	10.443914858891583	-75.3904455112611	5.0	1
364	0	3	16	0.0	0.0	0.0	0.0	10.4439148460512	-75.3904560122037	5.0	1
365	0	3	16	0.0	0.0	0.0	0.0	10.44383312923055	-75.39045591021953	5.0	1
366	0	3	16	0.0	0.0	0.0	0.0	10.443827292314772	-75.39045590293499	5.0	1
367	0	3	16	0.0	0.0	0.0	0.0	10.443825710327555	-75.39174751840874	5.0	1
368	0	3	16	0.0	0.0	0.0	0.0	10.44381987341268	-75.3917475111001	5.0	1
369	0	3	16	0.0	0.0	0.0	0.0	10.443821455398993	-75.39045589565043	5.0	1
370	0	3	16	0.0	0.0	0.0	0.0	10.443815618483214	-75.39045588836589	5.0	1
371	0	3	16	0.0	0.0	0.0	0.0	10.443814036497804	-75.39174750379145	5.0	1
372	0	3	16	0.0	0.0	0.0	0.0	10.443808199582923	-75.39174749648282	5.0	1
373	0	3	16	0.0	0.0	0.0	0.0	10.44380978156743	-75.39045588108135	5.0	1
374	0	3	16	0.0	0.0	0.0	0.0	10.443803944651641	-75.39045587379681	5.0	1
375	0	3	16	0.0	0.0	0.0	0.0	10.44380236266804	-75.3917474891742	5.0	1
376	0	3	16	0.0	0.0	0.0	0.0	10.443796525753156	-75.39174748186558	5.0	1
377	0	3	16	0.0	0.0	0.0	0.0	10.443798107735855	-75.39045586651228	5.0	1
378	0	3	16	0.0	0.0	0.0	0.0	10.443792270820065	-75.39045585922776	5.0	1
379	0	3	16	0.0	0.0	0.0	0.0	10.44379068883827	-75.39174747455695	5.0	1
380	0	3	16	0.0	0.0	0.0	0.0	10.44378485192338	-75.39174746724834	5.0	1
381	0	3	16	0.0	0.0	0.0	0.0	10.443786421063704	-75.39046635288152	5.0	1
382	0	3	16	0.0	0.0	0.0	0.0	10.443786382539924	-75.39049785569625	5.0	1
383	0	3	16	0.0	0.0	0.0	0.0	10.443780545624161	-75.39049784841094	5.0	1
384	0	3	16	0.0	0.0	0.0	0.0	10.443779015008491	-75.39174745993972	5.0	1
385	0	3	16	0.0	0.0	0.0	0.0	10.443773178093597	-75.39174745263111	5.0	1
386	0	3	16	0.0	0.0	0.0	0.0	10.443774708708393	-75.39049784112565	5.0	1
387	0	3	16	0.0	0.0	0.0	0.0	10.443774695866457	-75.39050834206347	5.0	1
388	0	3	16	0.0	0.0	0.0	0.0	10.4437688589507	-75.39050833477799	5.0	1
389	0	3	16	0.0	0.0	0.0	0.0	10.44376735406138	-75.3917369443865	5.0	1
390	0	3	16	0.0	0.0	0.0	0.0	10.443767379825694	-75.39171594251441	5.0	1
391	0	3	16	0.0	0.0	0.0	0.0	10.44376154291077	-75.39171593520639	5.0	1
392	0	3	16	0.0	0.0	0.0	0.0	10.443761581554632	-75.39168443239878	5.0	1
393	0	3	16	0.0	0.0	0.0	0.0	10.443761568673692	-75.39169493333466	5.0	1
394	0	3	16	0.0	0.0	0.0	0.0	10.443755731758754	-75.39169492602704	5.0	1
395	0	3	16	0.0	0.0	0.0	0.0	10.443755705995851	-75.3917159278984	5.0	1
396	0	3	16	0.0	0.0	0.0	0.0	10.443755731758754	-75.39169492602704	5.0	1
397	0	3	16	0.0	0.0	0.0	0.0	10.443761568673692	-75.39169493333466	5.0	1
398	0	3	16	0.0	0.0	0.0	0.0	10.443761581554632	-75.39168443239878	5.0	1
399	0	3	16	0.0	0.0	0.0	0.0	10.443767418469575	-75.39168443970618	5.0	1
400	0	3	16	0.0	0.0	0.0	0.0	10.44376745711035	-75.39165293689784	5.0	1
401	0	3	16	0.0	0.0	0.0	0.0	10.443761620195385	-75.391652929591	5.0	1
402	0	3	16	0.0	0.0	0.0	0.0	10.443762996350054	-75.39052932936733	5.0	1
403	0	3	16	0.0	0.0	0.0	0.0	10.443762983507098	-75.39053983030473	5.0	1
404	0	3	16	0.0	0.0	0.0	0.0	10.443757146591354	-75.39053982301866	5.0	1
405	0	3	16	0.0	0.0	0.0	0.0	10.44375578328042	-75.39165292228418	5.0	1
406	0	3	16	0.0	0.0	0.0	0.0	10.44375595068767	-75.39151641011836	5.0	1
407	0	3	16	0.0	0.0	0.0	0.0	10.443750113772609	-75.39151640281408	5.0	1
408	0	3	16	0.0	0.0	0.0	0.0	10.443751296832321	-75.39055031666958	5.0	1
409	0	3	16	0.0	0.0	0.0	0.0	10.44375128398869	-75.39056081760656	5.0	1
410	0	3	16	0.0	0.0	0.0	0.0	10.443745447072954	-75.3905608103201	5.0	1
411	0	3	16	0.0	0.0	0.0	0.0	10.443744341229332	-75.39146389083199	5.0	1
412	0	3	16	0.0	0.0	0.0	0.0	10.443738504314227	-75.39146388352869	5.0	1
413	0	3	16	0.0	0.0	0.0	0.0	10.443739610157216	-75.39056080303367	5.0	1
414	0	3	16	0.0	0.0	0.0	0.0	10.443739584468943	-75.39058180490679	5.0	1
415	0	3	16	0.0	0.0	0.0	0.0	10.443733747553221	-75.39058179761994	5.0	1
416	0	3	16	0.0	0.0	0.0	0.0	10.44373270601801	-75.39143237341972	5.0	1
417	0	3	16	0.0	0.0	0.0	0.0	10.443732808986516	-75.3913483659373	5.0	1
418	0	3	16	0.0	0.0	0.0	0.0	10.443726972071326	-75.39134835863618	5.0	1
419	0	3	16	0.0	0.0	0.0	0.0	10.443727910637497	-75.39058179033312	5.0	1
420	0	3	16	0.0	0.0	0.0	0.0	10.44372207372177	-75.39058178304629	5.0	1
421	0	3	16	0.0	0.0	0.0	0.0	10.443721135156133	-75.39134835133507	5.0	1
422	0	3	16	0.0	0.0	0.0	0.0	10.443721276701583	-75.39123284104963	5.0	1
423	0	3	16	0.0	0.0	0.0	0.0	10.443715439786308	-75.39123283375066	5.0	1
424	0	3	16	0.0	0.0	0.0	0.0	10.443716223961415	-75.39059227669523	5.0	1
425	0	3	16	0.0	0.0	0.0	0.0	10.443710387045689	-75.39059226940823	5.0	1
426	0	3	16	0.0	0.0	0.0	0.0	10.443709680059941	-75.39116982084312	5.0	1
427	0	3	16	0.0	0.0	0.0	0.0	10.44370969292355	-75.3911593199083	5.0	1
428	0	3	16	0.0	0.0	0.0	0.0	10.44370385600822	-75.39115931261072	5.0	1
429	0	3	16	0.0	0.0	0.0	0.0	10.443704537285008	-75.39060276305656	5.0	1
430	0	3	16	0.0	0.0	0.0	0.0	10.44369870036929	-75.39060275576936	5.0	1
431	0	3	16	0.0	0.0	0.0	0.0	10.443698057681603	-75.39112780250979	5.0	1
432	0	3	16	0.0	0.0	0.0	0.0	10.443698199146962	-75.39101229222983	5.0	1
433	0	3	16	0.0	0.0	0.0	0.0	10.443692362231523	-75.39101228493499	5.0	1
434	0	3	16	0.0	0.0	0.0	0.0	10.443692850608281	-75.39061324941713	5.0	1
435	0	3	16	0.0	0.0	0.0	0.0	10.443692837762649	-75.39062375035205	5.0	1
436	0	3	16	0.0	0.0	0.0	0.0	10.443687000846941	-75.39062374306447	5.0	1
437	0	3	16	0.0	0.0	0.0	0.0	10.44368653817449	-75.39100177670593	5.0	1
438	0	3	16	0.0	0.0	0.0	0.0	10.443692375089933	-75.39100178400057	5.0	1
439	0	3	16	0.0	0.0	0.0	0.0	10.443692362231523	-75.39101228493499	5.0	1
440	0	3	16	0.0	0.0	0.0	0.0	10.443698199146962	-75.39101229222983	5.0	1
441	0	3	16	0.0	0.0	0.0	0.0	10.443698096267209	-75.39109629970633	5.0	1
442	0	3	16	0.0	0.0	0.0	0.0	10.443703933182583	-75.39109630700274	5.0	1
443	0	3	16	0.0	0.0	0.0	0.0	10.443703907459177	-75.39111730887213	5.0	1
444	0	3	16	0.0	0.0	0.0	0.0	10.443709744374535	-75.39111731616892	5.0	1
445	0	3	16	0.0	0.0	0.0	0.0	10.443709731512309	-75.3911278171038	5.0	1
446	0	3	16	0.0	0.0	0.0	0.0	10.443721405343005	-75.39112783169779	5.0	1
447	0	3	16	0.0	0.0	0.0	0.0	10.443721392480416	-75.39113833263305	5.0	1
448	0	3	16	0.0	0.0	0.0	0.0	10.443727229395757	-75.39113833993025	5.0	1
449	0	3	16	0.0	0.0	0.0	0.0	10.443727203669528	-75.39115934180109	5.0	1
450	0	3	16	0.0	0.0	0.0	0.0	10.44373304058485	-75.3911593490987	5.0	1
451	0	3	16	0.0	0.0	0.0	0.0	10.44373302772121	-75.39116985003429	5.0	1
452	0	3	16	0.0	0.0	0.0	0.0	10.44373886463652	-75.3911698573321	5.0	1
453	0	3	16	0.0	0.0	0.0	0.0	10.443738851772528	-75.39118035826787	5.0	1
454	0	3	16	0.0	0.0	0.0	0.0	10.443750525603134	-75.39118037286389	5.0	1
455	0	3	16	0.0	0.0	0.0	0.0	10.443750499874087	-75.39120137473618	5.0	1
456	0	3	16	0.0	0.0	0.0	0.0	10.443756336789368	-75.39120138203458	5.0	1
457	0	3	16	0.0	0.0	0.0	0.0	10.443756323924317	-75.39121188297091	5.0	1
458	0	3	16	0.0	0.0	0.0	0.0	10.443767997754867	-75.39121189756813	5.0	1
459	0	3	16	0.0	0.0	0.0	0.0	10.443767972023702	-75.3912328994415	5.0	1
460	0	3	16	0.0	0.0	0.0	0.0	10.443773808938953	-75.39123290674053	5.0	1
461	0	3	16	0.0	0.0	0.0	0.0	10.443773796072845	-75.3912434076774	5.0	1
462	0	3	16	0.0	0.0	0.0	0.0	10.443785469903334	-75.3912434222758	5.0	1
463	0	3	16	0.0	0.0	0.0	0.0	10.443785444170054	-75.3912644241503	5.0	1
464	0	3	16	0.0	0.0	0.0	0.0	10.44379128108528	-75.3912644314499	5.0	1
465	0	3	16	0.0	0.0	0.0	0.0	10.443791268218115	-75.3912749323873	5.0	1
466	0	3	16	0.0	0.0	0.0	0.0	10.443797105133331	-75.39127493968711	5.0	1
467	0	3	16	0.0	0.0	0.0	0.0	10.443797092265815	-75.39128544062471	5.0	1
468	0	3	16	0.0	0.0	0.0	0.0	10.443808766096229	-75.39128545522472	5.0	1
469	0	3	16	0.0	0.0	0.0	0.0	10.44380875322835	-75.39129595616271	5.0	1
470	0	3	16	0.0	0.0	0.0	0.0	10.443814590143548	-75.39129596346291	5.0	1
471	0	3	16	0.0	0.0	0.0	0.0	10.44381456440674	-75.39131696533923	5.0	1
472	0	3	16	0.0	0.0	0.0	0.0	10.443820401321918	-75.39131697263983	5.0	1
473	0	3	16	0.0	0.0	0.0	0.0	10.44382038845299	-75.39132747357816	5.0	1
474	0	3	16	0.0	0.0	0.0	0.0	10.443826225368158	-75.39132748087896	5.0	1
475	0	3	16	0.0	0.0	0.0	0.0	10.443826212498877	-75.39133798181747	5.0	1
476	0	3	16	0.0	0.0	0.0	0.0	10.443837886329197	-75.39133799641948	5.0	1
477	0	3	16	0.0	0.0	0.0	0.0	10.443837860589568	-75.39135899829725	5.0	1
478	0	3	16	0.0	0.0	0.0	0.0	10.443849534419847	-75.39135901290007	5.0	1
479	0	3	16	0.0	0.0	0.0	0.0	10.443849508678806	-75.39138001477856	5.0	1
480	0	3	16	0.0	0.0	0.0	0.0	10.443855345593933	-75.39138002208038	5.0	1
481	0	3	16	0.0	0.0	0.0	0.0	10.443855332722888	-75.3913905230198	5.0	1
482	0	3	16	0.0	0.0	0.0	0.0	10.443861169638	-75.39139053032181	5.0	1
483	0	3	16	0.0	0.0	0.0	0.0	10.443861156766602	-75.39140103126141	5.0	1
484	0	3	16	0.0	0.0	0.0	0.0	10.443866993681706	-75.39140103856363	5.0	1
485	0	3	16	0.0	0.0	0.0	0.0	10.443866980809958	-75.39141153950341	5.0	1
486	0	3	16	0.0	0.0	0.0	0.0	10.44387865464014	-75.39141155410822	5.0	1
487	0	3	16	0.0	0.0	0.0	0.0	10.443878641768029	-75.3914220550484	5.0	1
488	0	3	16	0.0	0.0	0.0	0.0	10.44388447868311	-75.391422062351	5.0	1
489	0	3	16	0.0	0.0	0.0	0.0	10.443884452937839	-75.39144306423168	5.0	1
490	0	3	16	0.0	0.0	0.0	0.0	10.443896126767969	-75.39144307883771	5.0	1
491	0	3	16	0.0	0.0	0.0	0.0	10.443896101021288	-75.39146408071912	5.0	1
492	0	3	16	0.0	0.0	0.0	0.0	10.443907774851379	-75.39146409532593	5.0	1
493	0	3	16	0.0	0.0	0.0	0.0	10.443907761977504	-75.39147459626702	5.0	1
494	0	3	16	0.0	0.0	0.0	0.0	10.443913598892538	-75.39147460357063	5.0	1
495	0	3	16	0.0	0.0	0.0	0.0	10.44391357314374	-75.39149560545313	5.0	1
496	0	3	16	0.0	0.0	0.0	0.0	10.443925246973775	-75.39149562006116	5.0	1
497	0	3	16	0.0	0.0	0.0	0.0	10.44392522122357	-75.39151662194439	5.0	1
498	0	3	16	0.0	0.0	0.0	0.0	10.443936895053566	-75.3915166365532	5.0	1
499	0	3	16	0.0	0.0	0.0	0.0	10.443936869301947	-75.39153763843717	5.0	1
500	0	3	16	0.0	0.0	0.0	0.0	10.443942706216923	-75.39153764574199	5.0	1
501	0	3	16	0.0	0.0	0.0	0.0	10.443942693340588	-75.39154814668413	5.0	1
502	0	3	16	0.0	0.0	0.0	0.0	10.443954367170528	-75.39154816129417	5.0	1
503	0	3	16	0.0	0.0	0.0	0.0	10.443954354293835	-75.39155866223669	5.0	1
504	0	3	16	0.0	0.0	0.0	0.0	10.443960191208793	-75.39155866954192	5.0	1
505	0	3	16	0.0	0.0	0.0	0.0	10.443960165454353	-75.39157967142734	5.0	1
506	0	3	16	0.0	0.0	0.0	0.0	10.443971839284233	-75.39157968603855	5.0	1
507	0	3	16	0.0	0.0	0.0	0.0	10.44397182640648	-75.39159018698163	5.0	1
508	0	3	16	0.0	0.0	0.0	0.0	10.443977663321412	-75.39159019428746	5.0	1
509	0	3	16	0.0	0.0	0.0	0.0	10.443977611806918	-75.39163219806042	5.0	1
510	0	3	16	0.0	0.0	0.0	0.0	10.443971774892017	-75.39163219075382	5.0	1
511	0	3	16	0.0	0.0	0.0	0.0	10.443971723372027	-75.39167419452579	5.0	1
512	0	3	16	0.0	0.0	0.0	0.0	10.4439775602869	-75.39167420183317	5.0	1
513	0	3	16	0.0	0.0	0.0	0.0	10.443977508761357	-75.3917162056057	5.0	1
514	0	3	21	0.0	0.0	0.0	nan	10.445997	-75.391791	0.0	1
