34.051265780244265, 49.795776225092766
34.05128804684597, 49.798051101164496
34.04939450715237, 49.79807782525003
34.04937224232942, 49.795802999725176
34.0503301495291, 49.79692703780742

Markazi lado 210m


36.03001968011475, -80.30476905142908
36.03001040327632, -80.30317082944542
36.028712209970415, -80.30318226296674
36.028721486326, -80.30478045873241
36.029365947608774, -80.3039756506435

Nuevas coordenadas southWinston lado 144m


35.021376, -117.330949
35.021391409331706, -117.32524908365023
35.016702430179336, -117.32523051674907
35.016687023372306, -117.33093010773189
35.01903924959874, -117.32808967703266
mojave lado 520m


10.448436368184836, -75.39254156781966
10.44843972732268, -75.38980045178603
10.445726492478064, -75.38979707025366
10.445723134004513, -75.39253816250923
10.447081433440465, -75.39116931309206

celsia coords lado 300m



36.029996029123815, -80.30474417324561
36.02998673448093, -80.30319208665827
36.02879993669135, -80.30319273878997
36.0286220439705, -80.30474630745738
36.02934201840477, -80.30398849277026
36.02996255989396, -80.30468132617824


35.025293677395794, -117.33379897254137
35.02532333365746, -117.32283707133135
35.01630606652759, -117.32280162914864
35.01627642013653, -117.33376232697638
35.0208,-117.3283



36.03001968011475, -80.30476905142908
36.03001040327632, -80.30317082944542
36.028712209970415, -80.30318226296674
36.028721486326, -80.30478045873241
36.029365947608774, -80.3039756506435

Nuevas coordenadas southWinston lado 144m


42.24829661891422, 13.954185937125633
42.24830346968147, 13.954937373534879
42.247745173574764, 13.954946589618567
42.24773832386133, 13.95419515981755
42.24802089736037, 13.954566265020265

piano_dorta lado 62m
